/*--------------------------------*- C++ -*----------------------------------*\
  =========                 |
  \\      /  F ield         | OpenFOAM: The Open Source CFD Toolbox
   \\    /   O peration     | Website:  https://openfoam.org
    \\  /    A nd           | Version:  12
     \\/     M anipulation  |
\*---------------------------------------------------------------------------*/
FoamFile
{
    format      ascii;
    class       dictionary;
    object      blockMeshDict;
}

// * * * * * * * * * * * * * * * * * * * * * * * * * * * * * * * * * * * * * //

scale 1;

//z is vertical position
vertices
(
   (-2.765555 -0.898939 -0.479225)
   (1.189591 -0.898939 -0.479225)
   (1.189591 0.898939 -0.479225)
   (-2.765555 0.898939 -0.479225)
   (-2.765555 -0.898939 0.479225)
   (1.189591 -0.898939 0.479225)
   (1.189591 0.898939 0.479225)
   (-2.765555 0.898939 0.479225)
   (-2.765555 -0.898939 -0.479225)
   (1.189591 -0.898939 -0.479225)
   (1.189591 0.898939 -0.479225)
   (-2.765555 0.898939 -0.479225)
   (-2.765555 -0.898939 0.479225)
   (1.189591 -0.898939 0.479225)
   (1.189591 0.898939 0.479225)
   (-2.765555 0.898939 0.479225)
   (-2.765555 -0.898939 -0.479225)
   (1.189591 -0.898939 -0.479225)
   (1.189591 0.898939 -0.479225)
   (-2.765555 0.898939 -0.479225)
   (-2.765555 -0.898939 0.479225)
   (1.189591 -0.898939 0.479225)
   (1.189591 0.898939 0.479225)
   (-2.765555 0.898939 0.479225)
   (-2.765555 -0.898939 -0.479225)
   (1.189591 -0.898939 -0.479225)
   (1.189591 0.898939 -0.479225)
   (-2.765555 0.898939 -0.479225)
   (-2.765555 -0.898939 0.479225)
   (1.189591 -0.898939 0.479225)
   (1.189591 0.898939 0.479225)
   (-2.765555 0.898939 0.479225)
   (-2.765555 -0.898939 -0.479225)
   (1.189591 -0.898939 -0.479225)
   (1.189591 0.898939 -0.479225)
   (-2.765555 0.898939 -0.479225)
   (-2.765555 -0.898939 0.479225)
   (1.189591 -0.898939 0.479225)
   (1.189591 0.898939 0.479225)
   (-2.765555 0.898939 0.479225)
   (-2.765555 -0.898939 -0.479225)
   (1.189591 -0.898939 -0.479225)
   (1.189591 0.898939 -0.479225)
   (-2.765555 0.898939 -0.479225)
   (-2.765555 -0.898939 0.479225)
   (1.189591 -0.898939 0.479225)
   (1.189591 0.898939 0.479225)
   (-2.765555 0.898939 0.479225)
   (-2.765555 -0.898939 -0.479225)
   (1.189591 -0.898939 -0.479225)
   (1.189591 0.898939 -0.479225)
   (-2.765555 0.898939 -0.479225)
   (-2.765555 -0.898939 0.479225)
   (1.189591 -0.898939 0.479225)
   (1.189591 0.898939 0.479225)
   (-2.765555 0.898939 0.479225)
   (-2.765555 -0.898939 -0.479225)
   (1.189591 -0.898939 -0.479225)
   (1.189591 0.898939 -0.479225)
   (-2.765555 0.898939 -0.479225)
   (-2.765555 -0.898939 0.479225)
   (1.189591 -0.898939 0.479225)
   (1.189591 0.898939 0.479225)
   (-2.765555 0.898939 0.479225)

);

blocks
(
    hex (0 1 5 4 16 17 21 20) (60 60 30) simpleGrading (0.5 0.5 0.5)
    hex (1 2 6 5 17 18 22 21) (60 60 30) simpleGrading (1 0.5 0.5)
    hex (2 3 7 6 18 19 23 22) (60 60 30) simpleGrading (2 0.5 0.5)
    hex (4 5 9 8 20 21 25 24) (60 60 30) simpleGrading (0.5 1 0.5)
    hex (5 6 10 9 21 22 26 25) (60 60 30) simpleGrading (1 1 0.5)
    hex (6 7 11 10 22 23 27 26) (60 60 30) simpleGrading (2 1 0.5)
    hex (8 9 13 12 24 25 29 28) (60 60 30) simpleGrading (0.5 2 0.5)
    hex (9 10 14 13 25 26 30 29) (60 60 30) simpleGrading (1 2 0.5)
    hex (10 11 15 14 26 27 31 30) (60 60 30) simpleGrading (2 2 0.5)

    hex (16 17 21 20 32 33 37 36) (60 60 30) simpleGrading (0.5 0.5 1)
    hex (17 18 22 21 33 34 38 37) (60 60 30) simpleGrading (1 0.5 1)
    hex (18 19 23 22 34 35 39 38) (60 60 30) simpleGrading (2 0.5 1)
    hex (20 21 25 24 36 37 41 40) (60 60 30) simpleGrading (0.5 1 1)
    hex (21 22 26 25 37 38 42 41) (60 60 30) simpleGrading (1 1 1)
    hex (22 23 27 26 38 39 43 42) (60 60 30) simpleGrading (2 1 1)
    hex (24 25 29 28 40 41 45 44) (60 60 30) simpleGrading (0.5 2 1)
    hex (25 26 30 29 41 42 46 45) (60 60 30) simpleGrading (1 2 1)
    hex (26 27 31 30 42 43 47 46) (60 60 30) simpleGrading (2 2 1)

    hex (32 33 37 36 48 49 53 52) (60 60 30) simpleGrading (0.5 0.5 2)
    hex (33 34 38 37 49 50 54 53) (60 60 30) simpleGrading (1 0.5 2)
    hex (34 35 39 38 50 51 55 54) (60 60 30) simpleGrading (2 0.5 2)
    hex (36 37 41 40 52 53 57 56) (60 60 30) simpleGrading (0.5 1 2)
    hex (37 38 42 41 53 54 58 57) (60 60 30) simpleGrading (1 1 2)
    hex (38 39 43 42 54 55 59 58) (60 60 30) simpleGrading (2 1 2)
    hex (40 41 45 44 56 57 61 60) (60 60 30) simpleGrading (0.5 2 2)
    hex (41 42 46 45 57 58 62 61) (60 60 30) simpleGrading (1 2 2)
    hex (42 43 47 46 58 59 63 62) (60 60 30) simpleGrading (2 2 2)

);



edges
(
);


boundary
(
    front //positive y
    {
        type patch;
        faces
        (
            (13 12 28 29)
            (14 13 29 30)
            (15 14 30 31)

            (29 28 44 45)
            (30 29 45 46)
            (31 30 46 47)

            (45 44 60 61)
            (46 45 61 62)
            (47 46 62 63)
        );
    }
    back //negative y
    {
        type patch;
        faces
        (
            (0 1 17 16)
            (1 2 18 17)
            (2 3 19 18)

            (16 17 33 32)
            (17 18 34 33)
            (18 19 35 34)

            (32 33 49 48)
            (33 34 50 49)
            (34 35 51 50)
        );
    }
    inlet // positive x
    {
        type patch;
        faces
        (
            (3 7 23 19)
            (7 11 27 23)
            (11 15 31 27)

            (19 23 39 35)
            (23 27 43 39)
            (27 31 47 43)

            (35 39 55 51)
            (39 43 59 55)
            (43 47 63 59)
        );
    }
    outlet // negative x
    {
        type patch;
        faces
        (
            (0 16 20 4)
            (4 20 24 8)
            (8 24 28 12)

            (16 32 36 20)
            (20 36 40 24)
            (24 40 44 28)

            (32 48 52 36)
            (36 52 56 40)
            (40 56 60 44)
        );
    }
    lower //negative z
    {
        type patch;
        faces
        (
            (0 4 5 1)
            (1 5 6 2)
            (2 6 7 3)
            (4 8 9 5)
            (5 9 10 6)
            (6 10 11 7)
            (8 12 13 9)
            (9 13 14 10)
            (10 14 15 11)
        );
    }
    upper //positive z
    {
        type patch;
        faces
        (
            (48 49 53 52)
            (49 50 54 53)
            (50 51 55 54)
            (52 53 57 56)
            (53 54 58 57)
            (54 55 59 58)
            (56 57 61 60)
            (57 58 62 61)
            (58 59 63 62)
        );
    }
);

// ************************************************************************* //
